500

1 8 2
2 9 2
3 20 34
4 6 20
5 7 61
6 8 7
7 15 5
8 7 43
9 5 53
10 12 47
11 6 38
12 7 73
13 13 83
14 4 26
15 12 80
16 19 23
17 20 77
18 19 29
19 7 88
20 6 19
21 13 43
22 18 52
23 14 5
24 5 17
25 4 55
26 2 4
27 20 10
28 14 88
29 16 58
30 14 56
31 13 44
32 2 79
33 4 70
34 7 68
35 2 53
36 8 62
37 20 79
38 9 8
39 14 40
40 12 41
41 16 68
42 2 46
43 16 53
44 9 83
45 13 74
46 12 76
47 13 38
48 15 88
49 15 14
50 7 11
51 4 82
52 18 31
53 18 23
54 2 49
55 18 77
56 5 35
57 2 29
58 5 38
59 9 80
60 18 34
61 8 19
62 15 40
63 12 31
64 17 49
65 12 77
66 5 76
67 17 65
68 10 44
69 6 56
70 4 35
71 15 37
72 18 13
73 15 28
74 12 67
75 5 28
76 11 40
77 5 43
78 4 79
79 3 65
80 8 22
81 20 55
82 8 71
83 10 29
84 17 80
85 10 16
86 4 64
87 9 61
88 6 10
89 10 88
90 8 82
91 3 70
92 14 28
93 13 1
94 11 82
95 8 29
96 18 20
97 19 89
98 6 2
99 10 65
100 5 46
101 5 56
102 13 10
103 7 2
104 14 86
105 10 86
106 15 46
107 17 62
108 11 46
109 13 50
110 9 53
111 2 83
112 8 79
113 4 71
114 20 4
115 1 25
116 20 40
117 15 76
118 2 89
119 15 34
120 18 19
121 18 47
122 10 47
123 8 76
124 11 2
125 5 62
126 18 26
127 7 65
128 7 80
129 12 85
130 18 35
131 9 20
132 16 5
133 15 26
134 5 19
135 20 73
136 20 20
137 11 86
138 4 38
139 16 31
140 5 31
141 10 32
142 18 29
143 6 64
144 9 22
145 16 62
146 2 43
147 8 34
148 19 22
149 7 34
150 1 74
151 2 20
152 12 50
153 13 89
154 6 22
155 3 20
156 12 22
157 17 29
158 5 5
159 14 52
160 5 10
161 17 53
162 11 74
163 4 17
164 8 55
165 5 86
166 8 16
167 14 23
168 1 59
169 13 47
170 2 37
171 11 1
172 9 49
173 9 46
174 8 38
175 4 77
176 14 2
177 20 49
178 1 88
179 3 16
180 13 77
181 9 35
182 15 23
183 16 46
184 15 59
185 13 61
186 3 85
187 5 14
188 19 70
189 19 4
190 4 32
191 20 1
192 3 7
193 16 83
194 12 49
195 7 85
196 9 88
197 7 79
198 3 28
199 3 40
200 3 59
201 18 76
202 17 50
203 4 50
204 6 29
205 14 62
206 2 64
207 10 20
208 12 70
209 16 16
210 15 44
211 6 28
212 1 71
213 5 40
214 8 52
215 13 64
216 14 22
217 19 67
218 8 68
219 2 34
220 1 32
221 2 10
222 2 17
223 19 47
224 12 52
225 6 79
226 7 64
227 20 86
228 6 59
229 7 41
230 2 23
231 3 58
232 8 47
233 19 44
234 2 59
235 1 89
236 6 62
237 5 73
238 17 38
239 11 50
240 16 13
241 10 55
242 9 4
243 15 38
244 10 83
245 8 65
246 11 5
247 16 73
248 10 59
249 18 67
250 12 44
251 14 59
252 13 86
253 4 61
254 6 70
255 17 59
256 11 19
257 12 65
258 2 47
259 8 80
260 17 25
261 1 13
262 16 29
263 3 11
264 1 16
265 4 5
266 4 19
267 15 62
268 20 11
269 7 76
270 14 85
271 17 88
272 1 43
273 2 1
274 11 47
275 7 23
276 12 11
277 7 35
278 4 10
279 18 5
280 15 13
281 7 86
282 6 11
283 18 85
284 2 26
285 16 59
286 6 80
287 16 79
288 3 67
289 18 86
290 20 65
291 3 68
292 12 13
293 16 22
294 16 67
295 5 20
296 19 41
297 20 59
298 17 89
299 20 85
300 17 82
301 11 31
302 13 4
303 15 29
304 11 64
305 5 80
306 18 28
307 20 74
308 16 20
309 1 28
310 11 53
311 15 70
312 13 8
313 15 58
314 3 34
315 8 56
316 8 59
317 9 26
318 6 41
319 10 43
320 19 10
321 7 70
322 19 80
323 11 28
324 9 74
325 10 5
326 18 44
327 17 1
328 3 53
329 1 31
330 14 1
331 18 22
332 4 56
333 19 86
334 5 13
335 19 26
336 8 77
337 15 47
338 8 89
339 12 23
340 10 62
341 7 7
342 1 46
343 20 23
344 5 25
345 7 53
346 1 83
347 3 32
348 12 56
349 1 80
350 19 68
351 20 31
352 18 11
353 16 49
354 1 76
355 13 46
356 8 86
357 9 1
358 17 16
359 13 2
360 2 61
361 15 56
362 1 52
363 12 8
364 15 19
365 6 31
366 15 85
367 6 44
368 4 62
369 5 59
370 2 88
371 1 73
372 4 53
373 17 44
374 14 64
375 2 65
376 14 65
377 11 80
378 20 56
379 19 14
380 4 2
381 17 8
382 1 77
383 16 65
384 12 34
385 10 82
386 19 34
387 14 76
388 20 82
389 20 89
390 11 38
391 18 16
392 10 41
393 14 55
394 10 52
395 19 49
396 12 79
397 4 20
398 2 22
399 16 34
400 17 76
401 7 40
402 17 77
403 14 44
404 6 53
405 6 26
406 17 31
407 6 55
408 13 37
409 4 7
410 12 74
411 5 47
412 8 23
413 2 56
414 12 58
415 20 37
416 10 38
417 20 26
418 5 2
419 1 70
420 14 31
421 17 71
422 15 16
423 13 76
424 13 35
425 15 83
426 8 58
427 16 26
428 20 22
429 5 52
430 11 89
431 10 10
432 16 80
433 2 14
434 7 56
435 4 41
436 6 32
437 12 5
438 6 49
439 2 41
440 1 20
441 9 38
442 1 41
443 3 88
444 16 4
445 4 37
446 19 53
447 14 77
448 19 16
449 18 53
450 17 19
451 5 37
452 12 16
453 12 71
454 12 40
455 20 71
456 6 82
457 20 70
458 7 77
459 5 65
460 14 37
461 1 4
462 17 22
463 6 65
464 6 14
465 9 28
466 8 8
467 18 89
468 8 70
469 2 32
470 7 89
471 18 25
472 7 22
473 13 11
474 3 43
475 15 20
476 10 49
477 8 43
478 8 53
479 11 32
480 15 68
481 3 50
482 17 23
483 1 1
484 13 17
485 19 25
486 7 5
487 7 83
488 9 41
489 17 56
490 20 67
491 18 64
492 9 31
493 19 76
494 5 74
495 11 67
496 19 82
497 19 19
498 2 50
499 1 58
500 13 79