320

1 9 23
2 13 7
3 13 23
4 8 10
5 13 5
6 1 1
7 13 11
8 15 11
9 11 10
10 9 10
11 16 17
12 20 1
13 15 2
14 4 20
15 19 22
16 4 2
17 20 13
18 12 2
19 9 5
20 10 1
21 13 17
22 1 22
23 11 17
24 9 7
25 17 7
26 20 10
27 15 5
28 8 2
29 11 7
30 12 13
31 2 17
32 20 17
33 2 1
34 12 17
35 18 20
36 19 11
37 15 14
38 9 4
39 18 4
40 19 16
41 16 2
42 19 2
43 3 1
44 7 4
45 19 1
46 2 10
47 13 8
48 10 2
49 3 16
50 15 7
51 4 8
52 20 22
53 10 13
54 9 2
55 13 22
56 8 11
57 3 19
58 13 20
59 10 14
60 12 10
61 5 7
62 1 16
63 6 2
64 16 22
65 3 11
66 5 20
67 15 19
68 14 16
69 2 16
70 18 1
71 11 1
72 4 16
73 18 14
74 7 19
75 10 17
76 10 19
77 15 20
78 11 20
79 9 19
80 14 17
81 18 2
82 17 4
83 2 14
84 10 7
85 14 7
86 3 4
87 16 14
88 14 5
89 2 4
90 4 7
91 11 4
92 11 11
93 1 7
94 1 13
95 14 10
96 6 4
97 7 5
98 16 11
99 5 17
100 2 22
101 1 14
102 18 10
103 1 10
104 11 23
105 4 17
106 17 16
107 18 7
108 7 7
109 16 8
110 2 7
111 14 13
112 5 23
113 5 16
114 5 11
115 18 22
116 18 17
117 18 5
118 13 16
119 12 11
120 16 5
121 3 23
122 15 4
123 11 2
124 19 4
125 4 23
126 4 13
127 15 10
128 3 22
129 8 17
130 14 4
131 6 22
132 16 7
133 6 13
134 2 11
135 4 4
136 12 14
137 14 20
138 8 7
139 20 19
140 5 10
141 6 23
142 20 16
143 17 1
144 13 2
145 11 22
146 7 20
147 9 17
148 8 13
149 10 10
150 10 11
151 20 8
152 8 20
153 10 20
154 11 19
155 14 2
156 18 11
157 8 23
158 11 5
159 14 11
160 11 8
161 16 13
162 12 4
163 10 22
164 6 20
165 7 16
166 16 10
167 17 23
168 14 19
169 3 5
170 12 22
171 4 22
172 12 5
173 1 20
174 8 4
175 14 22
176 6 16
177 5 19
178 1 4
179 20 4
180 19 17
181 5 2
182 2 5
183 16 20
184 19 13
185 4 14
186 17 19
187 3 7
188 1 2
189 19 14
190 7 22
191 13 19
192 11 13
193 20 7
194 8 19
195 9 20
196 6 19
197 8 8
198 7 1
199 12 1
200 6 5
201 15 23
202 3 10
203 1 8
204 19 23
205 7 13
206 5 22
207 7 23
208 19 5
209 8 14
210 6 1
211 15 13
212 20 5
213 14 23
214 6 14
215 12 19
216 9 11
217 20 20
218 18 16
219 12 23
220 8 22
221 7 14
222 20 11
223 16 23
224 9 1
225 3 17
226 20 14
227 5 14
228 14 1
229 14 14
230 7 8
231 3 13
232 3 2
233 4 11
234 9 16
235 13 10
236 4 19
237 19 10
238 11 14
239 17 5
240 12 8
241 16 16
242 5 4
243 12 20
244 19 8
245 1 5
246 2 8
247 20 23
248 1 17
249 7 11
250 6 10
251 15 17
252 18 13
253 17 13
254 7 2
255 2 2
256 10 5
257 6 17
258 8 16
259 16 1
260 19 20
261 11 16
262 4 10
263 15 1
264 17 8
265 1 11
266 9 13
267 13 13
268 3 20
269 19 19
270 17 10
271 18 8
272 4 1
273 9 8
274 13 14
275 17 22
276 16 19
277 18 19
278 12 16
279 6 8
280 13 1
281 5 5
282 18 23
283 6 11
284 3 14
285 4 5
286 14 8
287 19 7
288 10 8
289 1 23
290 5 1
291 1 19
292 2 23
293 16 4
294 20 2
295 5 8
296 15 16
297 17 20
298 15 22
299 8 1
300 7 17
301 2 13
302 13 4
303 10 23
304 9 14
305 9 22
306 10 4
307 15 8
308 2 20
309 12 7
310 17 11
311 6 7
312 17 2
313 7 10
314 5 13
315 8 5
316 10 16
317 17 17
318 3 8
319 2 19
320 17 14