2000

2 16 22 12
3 6 22 18
9 10 22 6
2 5 22 6
20 23 22 6
20 15 22 6
4 10 22 18
3 8 22 6
13 23 22 12
15 9 22 18
18 14 22 12
18 15 22 6
3 13 22 6
3 11 22 18
15 9 22 6
7 15 22 12
1 14 22 6
15 17 22 6
1 1 22 6
11 13 22 6
18 21 22 6
6 17 22 18
2 21 22 6
8 15 22 12
4 10 22 18
10 6 22 6
13 23 22 6
5 24 22 12
6 17 22 12
4 10 22 6
3 6 22 12
2 6 22 12
10 15 22 18
14 9 22 12
10 14 22 18
6 16 22 12
4 15 22 18
13 13 22 6
6 14 22 18
10 22 22 18
9 5 22 6
18 9 22 18
20 14 22 12
4 16 22 18
10 8 22 12
16 23 22 12
6 14 22 18
20 1 22 18
13 1 22 12
3 7 22 18
16 18 22 6
4 23 22 12
12 10 22 12
15 22 22 6
3 17 22 12
15 18 22 12
10 16 22 6
2 8 22 12
16 13 22 18
6 19 22 6
3 11 22 12
19 9 22 18
20 21 22 6
4 21 22 18
20 14 22 6
16 18 22 6
13 10 22 18
11 24 22 6
10 13 22 18
19 0 22 12
3 19 22 12
12 16 22 18
7 22 22 18
16 10 22 12
5 9 22 6
3 17 22 6
16 24 22 12
13 8 22 6
16 2 22 6
6 2 22 18
12 9 22 6
6 13 22 6
10 19 22 6
11 3 22 6
4 17 22 12
7 10 22 6
3 23 22 18
1 8 22 12
16 23 22 12
18 22 22 6
1 19 22 12
10 15 22 12
4 13 22 12
13 18 22 6
11 9 22 6
10 5 22 6
7 16 22 18
11 8 22 18
12 8 22 18
8 2 22 6
1 14 22 12
8 1 22 12
4 7 22 6
4 1 22 18
10 17 22 12
11 11 22 12
12 2 22 12
20 13 22 12
3 22 22 6
2 1 22 18
1 7 22 12
16 6 22 12
6 17 22 18
15 7 22 12
4 16 22 6
1 5 22 12
2 7 22 18
12 2 22 6
10 1 22 12
12 6 22 12
14 18 22 18
20 19 22 6
19 14 22 18
12 7 22 18
6 18 22 12
18 2 22 6
10 13 22 18
16 19 22 6
19 23 22 18
10 15 22 18
14 1 22 6
12 3 22 18
14 14 22 12
7 19 22 18
4 15 22 6
1 3 22 12
6 3 22 12
6 1 22 6
13 5 22 18
5 9 22 18
1 14 22 12
13 16 22 18
3 1 22 12
11 11 22 6
12 8 22 18
20 10 22 18
6 1 22 6
16 18 22 6
18 6 22 12
6 0 22 18
9 10 22 6
5 13 22 6
2 5 22 6
19 9 22 18
14 14 22 6
13 17 22 6
4 21 22 12
15 15 22 18
9 5 22 12
11 16 22 18
16 10 22 6
18 5 22 6
14 15 22 6
4 13 22 18
3 18 22 6
9 0 22 6
11 17 22 6
3 8 22 18
4 6 22 6
10 18 22 18
6 14 22 18
17 15 22 6
20 8 22 18
14 7 22 18
15 22 22 12
12 1 22 6
4 17 22 18
12 23 22 6
17 5 22 12
8 10 22 6
1 9 22 18
5 1 22 12
3 1 22 12
17 15 22 12
5 16 22 12
8 24 22 18
18 8 22 12
15 13 22 12
8 18 22 12
12 3 22 6
6 1 22 6
3 5 22 6
7 21 22 6
1 7 22 18
7 3 22 12
11 23 22 12
18 5 22 6
16 8 22 18
18 5 22 6
11 24 22 6
8 2 22 18
9 16 22 18
15 21 22 12
19 13 22 18
18 0 22 12
13 16 22 12
8 13 22 12
17 17 22 18
18 0 22 6
5 19 22 6
3 13 22 12
12 23 22 6
10 7 22 18
1 17 22 12
12 11 22 6
1 18 22 6
16 14 22 18
14 6 22 6
1 8 22 6
5 13 22 18
13 1 22 18
3 6 22 18
4 0 22 6
16 6 22 6
13 18 22 18
14 21 22 6
2 5 22 18
13 22 22 12
19 14 22 18
15 9 22 12
4 2 22 12
4 24 22 12
20 16 22 18
4 15 22 6
8 11 22 12
6 5 22 18
19 16 22 6
13 15 22 18
5 10 22 12
10 13 22 12
18 0 22 12
2 2 22 12
14 11 22 12
7 21 22 12
17 22 22 18
4 19 22 18
10 14 22 12
17 13 22 6
8 5 22 6
12 16 22 6
20 23 22 6
8 7 22 18
14 24 22 18
4 13 22 6
9 24 22 6
5 3 22 18
12 0 22 12
5 19 22 12
20 10 22 18
8 5 22 6
1 3 22 18
11 14 22 18
12 5 22 18
8 6 22 12
2 14 22 18
19 3 22 6
15 17 22 12
9 16 22 6
14 24 22 6
8 13 22 6
4 16 22 18
16 3 22 12
16 8 22 12
3 2 22 12
1 24 22 6
7 7 22 6
18 8 22 12
6 14 22 6
7 6 22 12
20 10 22 18
9 11 22 6
19 14 22 18
10 22 22 18
17 19 22 18
3 16 22 12
16 11 22 6
16 19 22 18
6 18 22 6
5 2 22 6
20 2 22 12
10 17 22 18
8 10 22 12
6 0 22 18
5 19 22 6
11 14 22 6
13 9 22 6
10 2 22 6
17 23 22 18
20 3 22 18
3 14 22 18
19 5 22 6
1 1 22 18
6 17 22 18
7 19 22 6
13 10 22 6
11 0 22 6
16 8 22 18
14 23 22 18
15 15 22 18
2 11 22 18
16 1 22 12
4 10 22 12
3 3 22 6
16 7 22 12
7 16 22 6
2 3 22 12
10 3 22 6
15 5 22 12
11 3 22 6
13 18 22 12
3 3 22 6
7 22 22 12
10 16 22 6
13 7 22 18
10 2 22 12
6 5 22 12
16 21 22 12
11 8 22 12
16 8 22 6
13 1 22 18
5 21 22 18
6 5 22 12
13 21 22 6
2 17 22 6
10 3 22 12
9 0 22 12
11 11 22 18
8 0 22 12
14 23 22 18
9 13 22 18
11 9 22 6
18 0 22 12
14 13 22 6
1 22 22 6
20 16 22 6
5 18 22 18
20 2 22 18
16 16 22 12
7 10 22 18
14 17 22 6
14 18 22 6
9 16 22 6
8 19 22 12
14 2 22 18
4 5 22 12
2 21 22 12
6 11 22 12
18 15 22 18
5 10 22 18
18 17 22 6
12 16 22 18
7 7 22 18
19 16 22 12
13 22 22 12
10 9 22 6
14 18 22 6
12 14 22 6
16 7 22 12
8 19 22 12
9 2 22 18
16 9 22 6
4 15 22 12
5 9 22 18
13 17 22 18
17 15 22 12
17 0 22 6
10 17 22 18
15 22 22 6
7 11 22 18
14 19 22 18
19 5 22 12
9 13 22 18
4 23 22 12
12 3 22 12
12 3 22 18
4 5 22 6
18 15 22 12
4 5 22 12
16 13 22 12
12 3 22 12
14 13 22 18
11 24 22 6
2 13 22 12
12 10 22 6
16 9 22 18
14 19 22 18
20 18 22 6
4 1 22 6
14 7 22 12
19 13 22 18
5 10 22 6
10 1 22 6
6 0 22 12
15 9 22 12
1 15 22 18
6 22 22 18
13 17 22 12
12 18 22 18
6 16 22 18
6 23 22 12
12 0 22 12
19 19 22 6
19 21 22 6
6 22 22 18
18 21 22 12
8 6 22 6
3 7 22 12
13 6 22 18
11 23 22 18
20 14 22 12
16 23 22 12
2 10 22 18
1 7 22 18
20 16 22 18
19 13 22 12
3 11 22 6
13 22 22 18
16 13 22 12
13 17 22 18
14 14 22 6
18 1 22 12
14 15 22 6
13 6 22 12
16 5 22 12
2 5 22 6
11 23 22 6
9 3 22 18
13 17 22 6
14 17 22 18
19 15 22 6
15 18 22 18
1 7 22 6
7 22 22 6
5 5 22 12
10 0 22 6
3 8 22 12
19 8 22 12
18 19 22 6
11 17 22 6
4 0 22 12
8 21 22 18
15 16 22 12
12 7 22 12
11 18 22 6
14 3 22 12
13 21 22 12
6 14 22 12
9 18 22 18
13 21 22 6
10 7 22 6
18 21 22 6
18 14 22 6
11 2 22 12
5 19 22 12
2 19 22 6
17 1 22 6
12 3 22 18
19 5 22 12
2 15 22 12
17 18 22 6
14 6 22 6
17 17 22 12
4 6 22 12
5 1 22 18
16 0 22 12
3 16 22 18
4 18 22 18
12 2 22 18
4 10 22 6
11 3 22 6
1 8 22 6
11 3 22 6
19 21 22 18
20 3 22 12
19 8 22 12
17 19 22 18
20 21 22 6
5 10 22 6
12 16 22 12
2 10 22 6
4 9 22 12
16 13 22 18
17 15 22 6
11 1 22 6
17 11 22 18
14 23 22 12
16 0 22 18
19 14 22 6
5 10 22 12
3 19 22 18
2 16 22 12
3 6 22 18
9 10 22 6
2 5 22 6
20 23 22 6
20 15 22 6
4 10 22 18
3 8 22 6
13 23 22 12
15 9 22 18
18 14 22 12
18 15 22 6
3 13 22 6
3 11 22 18
15 9 22 6
7 15 22 12
1 14 22 6
15 17 22 6
1 1 22 6
11 13 22 6
18 21 22 6
6 17 22 18
2 21 22 6
8 15 22 12
4 10 22 18
10 6 22 6
13 23 22 6
5 24 22 12
6 17 22 12
4 10 22 6
3 6 22 12
2 6 22 12
10 15 22 18
14 9 22 12
10 14 22 18
6 16 22 12
4 15 22 18
13 13 22 6
6 14 22 18
10 22 22 18
9 5 22 6
18 9 22 18
20 14 22 12
4 16 22 18
10 8 22 12
16 23 22 12
6 14 22 18
20 1 22 18
13 1 22 12
3 7 22 18
16 18 22 6
4 23 22 12
12 10 22 12
15 22 22 6
3 17 22 12
15 18 22 12
10 16 22 6
2 8 22 12
16 13 22 18
6 19 22 6
3 11 22 12
19 9 22 18
20 21 22 6
4 21 22 18
20 14 22 6
16 18 22 6
13 10 22 18
11 24 22 6
10 13 22 18
19 0 22 12
3 19 22 12
12 16 22 18
7 22 22 18
16 10 22 12
5 9 22 6
3 17 22 6
16 24 22 12
13 8 22 6
16 2 22 6
6 2 22 18
12 9 22 6
6 13 22 6
10 19 22 6
11 3 22 6
4 17 22 12
7 10 22 6
3 23 22 18
1 8 22 12
16 23 22 12
18 22 22 6
1 19 22 12
10 15 22 12
4 13 22 12
13 18 22 6
11 9 22 6
10 5 22 6
7 16 22 18
11 8 22 18
12 8 22 18
8 2 22 6
1 14 22 12
8 1 22 12
4 7 22 6
4 1 22 18
10 17 22 12
11 11 22 12
12 2 22 12
20 13 22 12
3 22 22 6
2 1 22 18
1 7 22 12
16 6 22 12
6 17 22 18
15 7 22 12
4 16 22 6
1 5 22 12
2 7 22 18
12 2 22 6
10 1 22 12
12 6 22 12
14 18 22 18
20 19 22 6
19 14 22 18
12 7 22 18
6 18 22 12
18 2 22 6
10 13 22 18
16 19 22 6
19 23 22 18
10 15 22 18
14 1 22 6
12 3 22 18
14 14 22 12
7 19 22 18
4 15 22 6
1 3 22 12
6 3 22 12
6 1 22 6
13 5 22 18
5 9 22 18
1 14 22 12
13 16 22 18
3 1 22 12
11 11 22 6
12 8 22 18
20 10 22 18
6 1 22 6
16 18 22 6
18 6 22 12
6 0 22 18
9 10 22 6
5 13 22 6
2 5 22 6
19 9 22 18
14 14 22 6
13 17 22 6
4 21 22 12
15 15 22 18
9 5 22 12
11 16 22 18
16 10 22 6
18 5 22 6
14 15 22 6
4 13 22 18
3 18 22 6
9 0 22 6
11 17 22 6
3 8 22 18
4 6 22 6
10 18 22 18
6 14 22 18
17 15 22 6
20 8 22 18
14 7 22 18
15 22 22 12
12 1 22 6
4 17 22 18
12 23 22 6
17 5 22 12
8 10 22 6
1 9 22 18
5 1 22 12
3 1 22 12
17 15 22 12
5 16 22 12
8 24 22 18
18 8 22 12
15 13 22 12
8 18 22 12
12 3 22 6
6 1 22 6
3 5 22 6
7 21 22 6
1 7 22 18
7 3 22 12
11 23 22 12
18 5 22 6
16 8 22 18
18 5 22 6
11 24 22 6
8 2 22 18
9 16 22 18
15 21 22 12
19 13 22 18
18 0 22 12
13 16 22 12
8 13 22 12
17 17 22 18
18 0 22 6
5 19 22 6
3 13 22 12
12 23 22 6
10 7 22 18
1 17 22 12
12 11 22 6
1 18 22 6
16 14 22 18
14 6 22 6
1 8 22 6
5 13 22 18
13 1 22 18
3 6 22 18
4 0 22 6
16 6 22 6
13 18 22 18
14 21 22 6
2 5 22 18
13 22 22 12
19 14 22 18
15 9 22 12
4 2 22 12
4 24 22 12
20 16 22 18
4 15 22 6
8 11 22 12
6 5 22 18
19 16 22 6
13 15 22 18
5 10 22 12
10 13 22 12
18 0 22 12
2 2 22 12
14 11 22 12
7 21 22 12
17 22 22 18
4 19 22 18
10 14 22 12
17 13 22 6
8 5 22 6
12 16 22 6
20 23 22 6
8 7 22 18
14 24 22 18
4 13 22 6
9 24 22 6
5 3 22 18
12 0 22 12
5 19 22 12
20 10 22 18
8 5 22 6
1 3 22 18
11 14 22 18
12 5 22 18
8 6 22 12
2 14 22 18
19 3 22 6
15 17 22 12
9 16 22 6
14 24 22 6
8 13 22 6
4 16 22 18
16 3 22 12
16 8 22 12
3 2 22 12
1 24 22 6
7 7 22 6
18 8 22 12
6 14 22 6
7 6 22 12
20 10 22 18
9 11 22 6
19 14 22 18
10 22 22 18
17 19 22 18
3 16 22 12
16 11 22 6
16 19 22 18
6 18 22 6
5 2 22 6
20 2 22 12
10 17 22 18
8 10 22 12
6 0 22 18
5 19 22 6
11 14 22 6
13 9 22 6
10 2 22 6
17 23 22 18
20 3 22 18
3 14 22 18
19 5 22 6
1 1 22 18
6 17 22 18
7 19 22 6
13 10 22 6
11 0 22 6
16 8 22 18
14 23 22 18
15 15 22 18
2 11 22 18
16 1 22 12
4 10 22 12
3 3 22 6
16 7 22 12
7 16 22 6
2 3 22 12
10 3 22 6
15 5 22 12
11 3 22 6
13 18 22 12
3 3 22 6
7 22 22 12
10 16 22 6
13 7 22 18
10 2 22 12
6 5 22 12
16 21 22 12
11 8 22 12
16 8 22 6
13 1 22 18
5 21 22 18
6 5 22 12
13 21 22 6
2 17 22 6
10 3 22 12
9 0 22 12
11 11 22 18
8 0 22 12
14 23 22 18
9 13 22 18
11 9 22 6
18 0 22 12
14 13 22 6
1 22 22 6
20 16 22 6
5 18 22 18
20 2 22 18
16 16 22 12
7 10 22 18
14 17 22 6
14 18 22 6
9 16 22 6
8 19 22 12
14 2 22 18
4 5 22 12
2 21 22 12
6 11 22 12
18 15 22 18
5 10 22 18
18 17 22 6
12 16 22 18
7 7 22 18
19 16 22 12
13 22 22 12
10 9 22 6
14 18 22 6
12 14 22 6
16 7 22 12
8 19 22 12
9 2 22 18
16 9 22 6
4 15 22 12
5 9 22 18
13 17 22 18
17 15 22 12
17 0 22 6
10 17 22 18
15 22 22 6
7 11 22 18
14 19 22 18
19 5 22 12
9 13 22 18
4 23 22 12
12 3 22 12
12 3 22 18
4 5 22 6
18 15 22 12
4 5 22 12
16 13 22 12
12 3 22 12
14 13 22 18
11 24 22 6
2 13 22 12
12 10 22 6
16 9 22 18
14 19 22 18
20 18 22 6
4 1 22 6
14 7 22 12
19 13 22 18
5 10 22 6
10 1 22 6
6 0 22 12
15 9 22 12
1 15 22 18
6 22 22 18
13 17 22 12
12 18 22 18
6 16 22 18
6 23 22 12
12 0 22 12
19 19 22 6
19 21 22 6
6 22 22 18
18 21 22 12
8 6 22 6
3 7 22 12
13 6 22 18
11 23 22 18
20 14 22 12
16 23 22 12
2 10 22 18
1 7 22 18
20 16 22 18
19 13 22 12
3 11 22 6
13 22 22 18
16 13 22 12
13 17 22 18
14 14 22 6
18 1 22 12
14 15 22 6
13 6 22 12
16 5 22 12
2 5 22 6
11 23 22 6
9 3 22 18
13 17 22 6
14 17 22 18
19 15 22 6
15 18 22 18
1 7 22 6
7 22 22 6
5 5 22 12
10 0 22 6
3 8 22 12
19 8 22 12
18 19 22 6
11 17 22 6
4 0 22 12
8 21 22 18
15 16 22 12
12 7 22 12
11 18 22 6
14 3 22 12
13 21 22 12
6 14 22 12
9 18 22 18
13 21 22 6
10 7 22 6
18 21 22 6
18 14 22 6
11 2 22 12
5 19 22 12
2 19 22 6
17 1 22 6
12 3 22 18
19 5 22 12
2 15 22 12
17 18 22 6
14 6 22 6
17 17 22 12
4 6 22 12
5 1 22 18
16 0 22 12
3 16 22 18
4 18 22 18
12 2 22 18
4 10 22 6
11 3 22 6
1 8 22 6
11 3 22 6
19 21 22 18
20 3 22 12
19 8 22 12
17 19 22 18
20 21 22 6
5 10 22 6
12 16 22 12
2 10 22 6
4 9 22 12
16 13 22 18
17 15 22 6
11 1 22 6
17 11 22 18
14 23 22 12
16 0 22 18
19 14 22 6
5 10 22 12
3 19 22 18
2 16 22 12
3 6 22 18
9 10 22 6
2 5 22 6
20 23 22 6
20 15 22 6
4 10 22 18
3 8 22 6
13 23 22 12
15 9 22 18
18 14 22 12
18 15 22 6
3 13 22 6
3 11 22 18
15 9 22 6
7 15 22 12
1 14 22 6
15 17 22 6
1 1 22 6
11 13 22 6
18 21 22 6
6 17 22 18
2 21 22 6
8 15 22 12
4 10 22 18
10 6 22 6
13 23 22 6
5 24 22 12
6 17 22 12
4 10 22 6
3 6 22 12
2 6 22 12
10 15 22 18
14 9 22 12
10 14 22 18
6 16 22 12
4 15 22 18
13 13 22 6
6 14 22 18
10 22 22 18
9 5 22 6
18 9 22 18
20 14 22 12
4 16 22 18
10 8 22 12
16 23 22 12
6 14 22 18
20 1 22 18
13 1 22 12
3 7 22 18
16 18 22 6
4 23 22 12
12 10 22 12
15 22 22 6
3 17 22 12
15 18 22 12
10 16 22 6
2 8 22 12
16 13 22 18
6 19 22 6
3 11 22 12
19 9 22 18
20 21 22 6
4 21 22 18
20 14 22 6
16 18 22 6
13 10 22 18
11 24 22 6
10 13 22 18
19 0 22 12
3 19 22 12
12 16 22 18
7 22 22 18
16 10 22 12
5 9 22 6
3 17 22 6
16 24 22 12
13 8 22 6
16 2 22 6
6 2 22 18
12 9 22 6
6 13 22 6
10 19 22 6
11 3 22 6
4 17 22 12
7 10 22 6
3 23 22 18
1 8 22 12
16 23 22 12
18 22 22 6
1 19 22 12
10 15 22 12
4 13 22 12
13 18 22 6
11 9 22 6
10 5 22 6
7 16 22 18
11 8 22 18
12 8 22 18
8 2 22 6
1 14 22 12
8 1 22 12
4 7 22 6
4 1 22 18
10 17 22 12
11 11 22 12
12 2 22 12
20 13 22 12
3 22 22 6
2 1 22 18
1 7 22 12
16 6 22 12
6 17 22 18
15 7 22 12
4 16 22 6
1 5 22 12
2 7 22 18
12 2 22 6
10 1 22 12
12 6 22 12
14 18 22 18
20 19 22 6
19 14 22 18
12 7 22 18
6 18 22 12
18 2 22 6
10 13 22 18
16 19 22 6
19 23 22 18
10 15 22 18
14 1 22 6
12 3 22 18
14 14 22 12
7 19 22 18
4 15 22 6
1 3 22 12
6 3 22 12
6 1 22 6
13 5 22 18
5 9 22 18
1 14 22 12
13 16 22 18
3 1 22 12
11 11 22 6
12 8 22 18
20 10 22 18
6 1 22 6
16 18 22 6
18 6 22 12
6 0 22 18
9 10 22 6
5 13 22 6
2 5 22 6
19 9 22 18
14 14 22 6
13 17 22 6
4 21 22 12
15 15 22 18
9 5 22 12
11 16 22 18
16 10 22 6
18 5 22 6
14 15 22 6
4 13 22 18
3 18 22 6
9 0 22 6
11 17 22 6
3 8 22 18
4 6 22 6
10 18 22 18
6 14 22 18
17 15 22 6
20 8 22 18
14 7 22 18
15 22 22 12
12 1 22 6
4 17 22 18
12 23 22 6
17 5 22 12
8 10 22 6
1 9 22 18
5 1 22 12
3 1 22 12
17 15 22 12
5 16 22 12
8 24 22 18
18 8 22 12
15 13 22 12
8 18 22 12
12 3 22 6
6 1 22 6
3 5 22 6
7 21 22 6
1 7 22 18
7 3 22 12
11 23 22 12
18 5 22 6
16 8 22 18
18 5 22 6
11 24 22 6
8 2 22 18
9 16 22 18
15 21 22 12
19 13 22 18
18 0 22 12
13 16 22 12
8 13 22 12
17 17 22 18
18 0 22 6
5 19 22 6
3 13 22 12
12 23 22 6
10 7 22 18
1 17 22 12
12 11 22 6
1 18 22 6
16 14 22 18
14 6 22 6
1 8 22 6
5 13 22 18
13 1 22 18
3 6 22 18
4 0 22 6
16 6 22 6
13 18 22 18
14 21 22 6
2 5 22 18
13 22 22 12
19 14 22 18
15 9 22 12
4 2 22 12
4 24 22 12
20 16 22 18
4 15 22 6
8 11 22 12
6 5 22 18
19 16 22 6
13 15 22 18
5 10 22 12
10 13 22 12
18 0 22 12
2 2 22 12
14 11 22 12
7 21 22 12
17 22 22 18
4 19 22 18
10 14 22 12
17 13 22 6
8 5 22 6
12 16 22 6
20 23 22 6
8 7 22 18
14 24 22 18
4 13 22 6
9 24 22 6
5 3 22 18
12 0 22 12
5 19 22 12
20 10 22 18
8 5 22 6
1 3 22 18
11 14 22 18
12 5 22 18
8 6 22 12
2 14 22 18
19 3 22 6
15 17 22 12
9 16 22 6
14 24 22 6
8 13 22 6
4 16 22 18
16 3 22 12
16 8 22 12
3 2 22 12
1 24 22 6
7 7 22 6
18 8 22 12
6 14 22 6
7 6 22 12
20 10 22 18
9 11 22 6
19 14 22 18
10 22 22 18
17 19 22 18
3 16 22 12
16 11 22 6
16 19 22 18
6 18 22 6
5 2 22 6
20 2 22 12
10 17 22 18
8 10 22 12
6 0 22 18
5 19 22 6
11 14 22 6
13 9 22 6
10 2 22 6
17 23 22 18
20 3 22 18
3 14 22 18
19 5 22 6
1 1 22 18
6 17 22 18
7 19 22 6
13 10 22 6
11 0 22 6
16 8 22 18
14 23 22 18
15 15 22 18
2 11 22 18
16 1 22 12
4 10 22 12
3 3 22 6
16 7 22 12
7 16 22 6
2 3 22 12
10 3 22 6
15 5 22 12
11 3 22 6
13 18 22 12
3 3 22 6
7 22 22 12
10 16 22 6
13 7 22 18
10 2 22 12
6 5 22 12
16 21 22 12
11 8 22 12
16 8 22 6
13 1 22 18
5 21 22 18
6 5 22 12
13 21 22 6
2 17 22 6
10 3 22 12
9 0 22 12
11 11 22 18
8 0 22 12
14 23 22 18
9 13 22 18
11 9 22 6
18 0 22 12
14 13 22 6
1 22 22 6
20 16 22 6
5 18 22 18
20 2 22 18
16 16 22 12
7 10 22 18
14 17 22 6
14 18 22 6
9 16 22 6
8 19 22 12
14 2 22 18
4 5 22 12
2 21 22 12
6 11 22 12
18 15 22 18
5 10 22 18
18 17 22 6
12 16 22 18
7 7 22 18
19 16 22 12
13 22 22 12
10 9 22 6
14 18 22 6
12 14 22 6
16 7 22 12
8 19 22 12
9 2 22 18
16 9 22 6
4 15 22 12
5 9 22 18
13 17 22 18
17 15 22 12
17 0 22 6
10 17 22 18
15 22 22 6
7 11 22 18
14 19 22 18
19 5 22 12
9 13 22 18
4 23 22 12
12 3 22 12
12 3 22 18
4 5 22 6
18 15 22 12
4 5 22 12
16 13 22 12
12 3 22 12
14 13 22 18
11 24 22 6
2 13 22 12
12 10 22 6
16 9 22 18
14 19 22 18
20 18 22 6
4 1 22 6
14 7 22 12
19 13 22 18
5 10 22 6
10 1 22 6
6 0 22 12
15 9 22 12
1 15 22 18
6 22 22 18
13 17 22 12
12 18 22 18
6 16 22 18
6 23 22 12
12 0 22 12
19 19 22 6
19 21 22 6
6 22 22 18
18 21 22 12
8 6 22 6
3 7 22 12
13 6 22 18
11 23 22 18
20 14 22 12
16 23 22 12
2 10 22 18
1 7 22 18
20 16 22 18
19 13 22 12
3 11 22 6
13 22 22 18
16 13 22 12
13 17 22 18
14 14 22 6
18 1 22 12
14 15 22 6
13 6 22 12
16 5 22 12
2 5 22 6
11 23 22 6
9 3 22 18
13 17 22 6
14 17 22 18
19 15 22 6
15 18 22 18
1 7 22 6
7 22 22 6
5 5 22 12
10 0 22 6
3 8 22 12
19 8 22 12
18 19 22 6
11 17 22 6
4 0 22 12
8 21 22 18
15 16 22 12
12 7 22 12
11 18 22 6
14 3 22 12
13 21 22 12
6 14 22 12
9 18 22 18
13 21 22 6
10 7 22 6
18 21 22 6
18 14 22 6
11 2 22 12
5 19 22 12
2 19 22 6
17 1 22 6
12 3 22 18
19 5 22 12
2 15 22 12
17 18 22 6
14 6 22 6
17 17 22 12
4 6 22 12
5 1 22 18
16 0 22 12
3 16 22 18
4 18 22 18
12 2 22 18
4 10 22 6
11 3 22 6
1 8 22 6
11 3 22 6
19 21 22 18
20 3 22 12
19 8 22 12
17 19 22 18
20 21 22 6
5 10 22 6
12 16 22 12
2 10 22 6
4 9 22 12
16 13 22 18
17 15 22 6
11 1 22 6
17 11 22 18
14 23 22 12
16 0 22 18
19 14 22 6
5 10 22 12
3 19 22 18
2 16 22 12
3 6 22 18
9 10 22 6
2 5 22 6
20 23 22 6
20 15 22 6
4 10 22 18
3 8 22 6
13 23 22 12
15 9 22 18
18 14 22 12
18 15 22 6
3 13 22 6
3 11 22 18
15 9 22 6
7 15 22 12
1 14 22 6
15 17 22 6
1 1 22 6
11 13 22 6
18 21 22 6
6 17 22 18
2 21 22 6
8 15 22 12
4 10 22 18
10 6 22 6
13 23 22 6
5 24 22 12
6 17 22 12
4 10 22 6
3 6 22 12
2 6 22 12
10 15 22 18
14 9 22 12
10 14 22 18
6 16 22 12
4 15 22 18
13 13 22 6
6 14 22 18
10 22 22 18
9 5 22 6
18 9 22 18
20 14 22 12
4 16 22 18
10 8 22 12
16 23 22 12
6 14 22 18
20 1 22 18
13 1 22 12
3 7 22 18
16 18 22 6
4 23 22 12
12 10 22 12
15 22 22 6
3 17 22 12
15 18 22 12
10 16 22 6
2 8 22 12
16 13 22 18
6 19 22 6
3 11 22 12
19 9 22 18
20 21 22 6
4 21 22 18
20 14 22 6
16 18 22 6
13 10 22 18
11 24 22 6
10 13 22 18
19 0 22 12
3 19 22 12
12 16 22 18
7 22 22 18
16 10 22 12
5 9 22 6
3 17 22 6
16 24 22 12
13 8 22 6
16 2 22 6
6 2 22 18
12 9 22 6
6 13 22 6
10 19 22 6
11 3 22 6
4 17 22 12
7 10 22 6
3 23 22 18
1 8 22 12
16 23 22 12
18 22 22 6
1 19 22 12
10 15 22 12
4 13 22 12
13 18 22 6
11 9 22 6
10 5 22 6
7 16 22 18
11 8 22 18
12 8 22 18
8 2 22 6
1 14 22 12
8 1 22 12
4 7 22 6
4 1 22 18
10 17 22 12
11 11 22 12
12 2 22 12
20 13 22 12
3 22 22 6
2 1 22 18
1 7 22 12
16 6 22 12
6 17 22 18
15 7 22 12
4 16 22 6
1 5 22 12
2 7 22 18
12 2 22 6
10 1 22 12
12 6 22 12
14 18 22 18
20 19 22 6
19 14 22 18
12 7 22 18
6 18 22 12
18 2 22 6
10 13 22 18
16 19 22 6
19 23 22 18
10 15 22 18
14 1 22 6
12 3 22 18
14 14 22 12
7 19 22 18
4 15 22 6
1 3 22 12
6 3 22 12
6 1 22 6
13 5 22 18
5 9 22 18
1 14 22 12
13 16 22 18
3 1 22 12
11 11 22 6
12 8 22 18
20 10 22 18
6 1 22 6
16 18 22 6
18 6 22 12
6 0 22 18
9 10 22 6
5 13 22 6
2 5 22 6
19 9 22 18
14 14 22 6
13 17 22 6
4 21 22 12
15 15 22 18
9 5 22 12
11 16 22 18
16 10 22 6
18 5 22 6
14 15 22 6
4 13 22 18
3 18 22 6
9 0 22 6
11 17 22 6
3 8 22 18
4 6 22 6
10 18 22 18
6 14 22 18
17 15 22 6
20 8 22 18
14 7 22 18
15 22 22 12
12 1 22 6
4 17 22 18
12 23 22 6
17 5 22 12
8 10 22 6
1 9 22 18
5 1 22 12
3 1 22 12
17 15 22 12
5 16 22 12
8 24 22 18
18 8 22 12
15 13 22 12
8 18 22 12
12 3 22 6
6 1 22 6
3 5 22 6
7 21 22 6
1 7 22 18
7 3 22 12
11 23 22 12
18 5 22 6
16 8 22 18
18 5 22 6
11 24 22 6
8 2 22 18
9 16 22 18
15 21 22 12
19 13 22 18
18 0 22 12
13 16 22 12
8 13 22 12
17 17 22 18
18 0 22 6
5 19 22 6
3 13 22 12
12 23 22 6
10 7 22 18
1 17 22 12
12 11 22 6
1 18 22 6
16 14 22 18
14 6 22 6
1 8 22 6
5 13 22 18
13 1 22 18
3 6 22 18
4 0 22 6
16 6 22 6
13 18 22 18
14 21 22 6
2 5 22 18
13 22 22 12
19 14 22 18
15 9 22 12
4 2 22 12
4 24 22 12
20 16 22 18
4 15 22 6
8 11 22 12
6 5 22 18
19 16 22 6
13 15 22 18
5 10 22 12
10 13 22 12
18 0 22 12
2 2 22 12
14 11 22 12
7 21 22 12
17 22 22 18
4 19 22 18
10 14 22 12
17 13 22 6
8 5 22 6
12 16 22 6
20 23 22 6
8 7 22 18
14 24 22 18
4 13 22 6
9 24 22 6
5 3 22 18
12 0 22 12
5 19 22 12
20 10 22 18
8 5 22 6
1 3 22 18
11 14 22 18
12 5 22 18
8 6 22 12
2 14 22 18
19 3 22 6
15 17 22 12
9 16 22 6
14 24 22 6
8 13 22 6
4 16 22 18
16 3 22 12
16 8 22 12
3 2 22 12
1 24 22 6
7 7 22 6
18 8 22 12
6 14 22 6
7 6 22 12
20 10 22 18
9 11 22 6
19 14 22 18
10 22 22 18
17 19 22 18
3 16 22 12
16 11 22 6
16 19 22 18
6 18 22 6
5 2 22 6
20 2 22 12
10 17 22 18
8 10 22 12
6 0 22 18
5 19 22 6
11 14 22 6
13 9 22 6
10 2 22 6
17 23 22 18
20 3 22 18
3 14 22 18
19 5 22 6
1 1 22 18
6 17 22 18
7 19 22 6
13 10 22 6
11 0 22 6
16 8 22 18
14 23 22 18
15 15 22 18
2 11 22 18
16 1 22 12
4 10 22 12
3 3 22 6
16 7 22 12
7 16 22 6
2 3 22 12
10 3 22 6
15 5 22 12
11 3 22 6
13 18 22 12
3 3 22 6
7 22 22 12
10 16 22 6
13 7 22 18
10 2 22 12
6 5 22 12
16 21 22 12
11 8 22 12
16 8 22 6
13 1 22 18
5 21 22 18
6 5 22 12
13 21 22 6
2 17 22 6
10 3 22 12
9 0 22 12
11 11 22 18
8 0 22 12
14 23 22 18
9 13 22 18
11 9 22 6
18 0 22 12
14 13 22 6
1 22 22 6
20 16 22 6
5 18 22 18
20 2 22 18
16 16 22 12
7 10 22 18
14 17 22 6
14 18 22 6
9 16 22 6
8 19 22 12
14 2 22 18
4 5 22 12
2 21 22 12
6 11 22 12
18 15 22 18
5 10 22 18
18 17 22 6
12 16 22 18
7 7 22 18
19 16 22 12
13 22 22 12
10 9 22 6
14 18 22 6
12 14 22 6
16 7 22 12
8 19 22 12
9 2 22 18
16 9 22 6
4 15 22 12
5 9 22 18
13 17 22 18
17 15 22 12
17 0 22 6
10 17 22 18
15 22 22 6
7 11 22 18
14 19 22 18
19 5 22 12
9 13 22 18
4 23 22 12
12 3 22 12
12 3 22 18
4 5 22 6
18 15 22 12
4 5 22 12
16 13 22 12
12 3 22 12
14 13 22 18
11 24 22 6
2 13 22 12
12 10 22 6
16 9 22 18
14 19 22 18
20 18 22 6
4 1 22 6
14 7 22 12
19 13 22 18
5 10 22 6
10 1 22 6
6 0 22 12
15 9 22 12
1 15 22 18
6 22 22 18
13 17 22 12
12 18 22 18
6 16 22 18
6 23 22 12
12 0 22 12
19 19 22 6
19 21 22 6
6 22 22 18
18 21 22 12
8 6 22 6
3 7 22 12
13 6 22 18
11 23 22 18
20 14 22 12
16 23 22 12
2 10 22 18
1 7 22 18
20 16 22 18
19 13 22 12
3 11 22 6
13 22 22 18
16 13 22 12
13 17 22 18
14 14 22 6
18 1 22 12
14 15 22 6
13 6 22 12
16 5 22 12
2 5 22 6
11 23 22 6
9 3 22 18
13 17 22 6
14 17 22 18
19 15 22 6
15 18 22 18
1 7 22 6
7 22 22 6
5 5 22 12
10 0 22 6
3 8 22 12
19 8 22 12
18 19 22 6
11 17 22 6
4 0 22 12
8 21 22 18
15 16 22 12
12 7 22 12
11 18 22 6
14 3 22 12
13 21 22 12
6 14 22 12
9 18 22 18
13 21 22 6
10 7 22 6
18 21 22 6
18 14 22 6
11 2 22 12
5 19 22 12
2 19 22 6
17 1 22 6
12 3 22 18
19 5 22 12
2 15 22 12
17 18 22 6
14 6 22 6
17 17 22 12
4 6 22 12
5 1 22 18
16 0 22 12
3 16 22 18
4 18 22 18
12 2 22 18
4 10 22 6
11 3 22 6
1 8 22 6
11 3 22 6
19 21 22 18
20 3 22 12
19 8 22 12
17 19 22 18
20 21 22 6
5 10 22 6
12 16 22 12
2 10 22 6
4 9 22 12
16 13 22 18
17 15 22 6
11 1 22 6
17 11 22 18
14 23 22 12
16 0 22 18
19 14 22 6
5 10 22 12
3 19 22 18