500

18 5 22 15
15 1 22 15
1 43 22 9
8 62 22 18
10 88 22 6
15 47 22 24
10 44 22 9
17 50 22 9
13 50 22 30
19 80 22 12
8 65 22 15
1 32 22 21
9 25 22 6
15 1 22 30
5 35 22 18
16 8 22 15
17 89 22 15
3 65 22 27
17 1 22 30
17 23 22 15
7 40 22 12
18 5 22 27
16 46 22 21
8 56 22 12
1 52 22 6
16 2 22 24
13 61 22 18
16 80 22 21
10 86 22 30
10 25 22 18
2 50 22 27
6 62 22 3
5 62 22 24
16 10 22 15
18 34 22 9
2 65 22 15
8 25 22 27
18 76 22 15
19 20 22 3
18 31 22 12
16 14 22 18
9 53 22 15
17 16 22 3
10 16 22 15
19 17 22 30
15 88 22 6
12 17 22 15
20 14 22 21
1 58 22 6
4 77 22 27
2 53 22 18
16 13 22 12
18 17 22 27
17 56 22 6
18 13 22 6
12 80 22 3
13 32 22 12
10 44 22 21
11 17 22 27
20 89 22 12
12 52 22 27
9 74 22 24
10 88 22 12
13 44 22 6
6 80 22 9
16 31 22 12
6 49 22 27
12 28 22 24
16 4 22 15
12 41 22 21
20 56 22 6
18 7 22 15
19 76 22 9
10 62 22 15
19 89 22 30
2 34 22 12
16 17 22 24
15 83 22 6
8 55 22 9
18 37 22 21
12 19 22 15
18 7 22 18
17 22 22 21
19 68 22 30
4 56 22 30
17 16 22 12
13 79 22 15
16 80 22 30
8 38 22 15
16 28 22 24
20 20 22 12
6 38 22 27
9 22 22 21
19 1 22 18
17 34 22 15
11 89 22 21
14 19 22 3
8 80 22 27
16 46 22 18
14 28 22 24
9 25 22 9
18 25 22 30
17 26 22 18
20 2 22 30
1 70 22 24
16 17 22 12
13 89 22 6
13 23 22 3
19 13 22 15
13 77 22 30
15 8 22 18
1 43 22 15
19 22 22 18
18 14 22 12
9 49 22 30
15 29 22 21
12 26 22 3
16 14 22 21
17 23 22 27
1 41 22 3
20 70 22 18
3 59 22 9
19 16 22 21
20 4 22 3
18 19 22 24
9 61 22 21
18 2 22 27
11 82 22 12
13 76 22 9
16 4 22 12
11 17 22 3
18 76 22 12
9 83 22 12
13 61 22 12
16 17 22 12
1 31 22 27
13 76 22 3
18 20 22 15
12 80 22 12
20 14 22 12
13 28 22 9
12 23 22 27
19 49 22 9
16 49 22 27
6 41 22 27
13 25 22 24
5 74 22 15
16 80 22 21
13 22 22 18
17 11 22 9
10 65 22 15
4 53 22 24
13 17 22 15
16 4 22 9
16 20 22 21
16 79 22 3
16 35 22 21
20 82 22 24
18 34 22 12
17 31 22 27
5 37 22 6
18 53 22 3
15 22 22 3
11 40 22 9
10 23 22 3
4 61 22 30
7 64 22 21
7 73 22 15
11 47 22 24
3 53 22 21
14 11 22 18
13 89 22 24
15 11 22 27
17 56 22 21
12 13 22 18
18 19 22 24
16 31 22 3
16 20 22 18
19 8 22 15
9 23 22 30
20 31 22 21
13 10 22 27
9 20 22 24
15 5 22 30
19 68 22 12
17 5 22 12
5 73 22 30
2 41 22 3
12 44 22 6
8 70 22 24
7 41 22 21
18 76 22 3
11 50 22 9
1 52 22 15
15 16 22 30
5 80 22 6
19 86 22 24
20 89 22 27
17 29 22 30
3 32 22 9
16 73 22 21
13 32 22 27
9 80 22 18
5 37 22 9
17 5 22 3
10 26 22 27
17 10 22 30
12 49 22 24
9 25 22 9
16 14 22 9
18 52 22 9
11 28 22 24
18 25 22 27
17 82 22 3
13 17 22 15
4 38 22 27
12 50 22 9
4 38 22 6
16 65 22 27
5 59 22 3
2 47 22 21
4 79 22 3
13 8 22 6
19 53 22 27
16 5 22 27
13 43 22 12
19 80 22 27
8 70 22 12
16 53 22 18
2 65 22 6
19 76 22 15
16 22 22 24
8 77 22 27
15 22 22 6
16 67 22 9
12 13 22 3
14 19 22 15
4 77 22 9
11 13 22 12
4 64 22 9
15 11 22 30
2 53 22 24
12 13 22 24
20 23 22 9
19 13 22 18
9 46 22 27
3 58 22 3
17 71 22 30
15 10 22 18
19 5 22 30
1 31 22 9
7 85 22 12
18 38 22 3
20 28 22 12
1 89 22 18
7 86 22 12
2 88 22 9
8 80 22 27
6 49 22 12
12 74 22 21
15 47 22 3
19 80 22 27
16 73 22 12
7 80 22 12
13 44 22 18
5 37 22 24
15 32 22 3
18 34 22 3
15 76 22 18
12 85 22 27
16 26 22 6
15 26 22 15
14 77 22 30
18 2 22 30
20 82 22 21
14 5 22 12
15 14 22 21
16 67 22 21
16 14 22 18
17 8 22 6
18 23 22 30
14 77 22 18
14 11 22 30
15 14 22 9
16 83 22 12
16 11 22 6
20 16 22 6
17 77 22 24
6 62 22 30
5 46 22 15
17 89 22 24
17 53 22 12
15 88 22 24
20 79 22 27
19 25 22 21
20 55 22 3
8 77 22 27
13 26 22 3
2 32 22 18
20 79 22 27
20 7 22 18
7 43 22 27
16 67 22 3
19 34 22 18
15 5 22 12
12 56 22 3
4 35 22 30
9 38 22 15
11 53 22 18
16 13 22 12
6 82 22 27
15 56 22 30
14 76 22 3
20 56 22 3
14 76 22 27
9 20 22 21
20 23 22 18
4 35 22 3
13 16 22 9
20 20 22 3
7 68 22 21
11 67 22 18
16 19 22 15
17 89 22 15
15 88 22 3
7 41 22 18
3 70 22 27
20 1 22 15
19 13 22 3
16 10 22 15
6 79 22 30
13 11 22 3
6 64 22 12
20 16 22 6
13 25 22 21
12 67 22 9
12 70 22 12
14 26 22 18
5 59 22 30
2 59 22 21
20 22 22 30
17 31 22 6
17 32 22 21
19 8 22 15
1 88 22 9
18 7 22 9
3 70 22 12
11 46 22 6
4 41 22 6
17 29 22 3
20 82 22 27
17 29 22 27
13 16 22 21
16 8 22 15
12 26 22 21
11 82 22 30
18 31 22 18
20 1 22 15
16 23 22 12
16 17 22 27
10 55 22 9
2 41 22 9
8 71 22 6
1 32 22 12
19 1 22 6
1 41 22 6
12 49 22 21
7 56 22 21
11 50 22 30
15 35 22 12
17 11 22 27
5 38 22 30
3 40 22 27
13 16 22 12
8 43 22 24
5 62 22 30
18 16 22 12
3 53 22 3
12 40 22 30
20 31 22 9
20 79 22 3
7 56 22 21
4 41 22 18
18 26 22 15
14 14 22 30
1 73 22 27
15 4 22 27
15 5 22 15
6 79 22 6
7 73 22 27
11 67 22 15
12 23 22 27
17 49 22 21
18 13 22 6
17 4 22 18
13 26 22 9
15 62 22 24
3 40 22 12
8 80 22 12
3 58 22 9
16 17 22 6
16 11 22 24
13 44 22 27
11 50 22 18
16 83 22 15
15 25 22 6
7 65 22 12
13 79 22 9
12 65 22 6
6 79 22 30
15 46 22 9
17 89 22 30
19 80 22 24
17 32 22 18
12 26 22 21
15 8 22 18
13 26 22 9
2 46 22 3
14 85 22 6
14 29 22 3
17 35 22 9
14 25 22 24
15 76 22 24
14 59 22 27
14 7 22 15
16 25 22 21
11 47 22 3
12 70 22 9
17 82 22 15
15 31 22 3
6 80 22 21
10 83 22 30
19 16 22 21
18 1 22 6
5 43 22 9
14 23 22 12
11 74 22 27
12 65 22 27
6 80 22 30
11 17 22 12
8 71 22 6
12 40 22 6
15 32 22 18
19 23 22 9
18 86 22 15
15 14 22 3
1 32 22 12
17 76 22 9
10 23 22 6
7 61 22 18
2 88 22 21
19 16 22 27
9 88 22 3
5 80 22 6
12 79 22 12
20 38 22 12
6 79 22 9
16 28 22 21
7 53 22 3
12 23 22 9
14 76 22 24
3 59 22 9
13 11 22 9
14 16 22 27
13 28 22 6
18 31 22 3
7 53 22 6
19 25 22 3
20 73 22 24
11 16 22 3
20 25 22 3
17 7 22 24
16 29 22 6
2 64 22 9
12 85 22 15
16 62 22 27
20 38 22 27
15 47 22 6
17 20 22 15
18 2 22 12
13 46 22 15
17 23 22 9
14 14 22 27
18 11 22 15
15 4 22 3
20 22 22 12
13 13 22 3
8 52 22 15
16 73 22 15
14 86 22 18
19 8 22 24
2 49 22 24
20 20 22 27
18 76 22 21
16 25 22 12
20 26 22 27
8 38 22 12
16 14 22 21
8 71 22 24
20 29 22 27